-87.647909049366035,41.896378439475534
-87.647909784175141,41.896395595338987
-87.647910195592857,41.896400057178823
-87.647907669030914,41.896421652959589
-87.647899644284607,41.896442186833276
-87.647887498645986,41.896461667019857
-87.647870784016746,41.896479061754633
-87.647849959494053,41.896494373776136
-87.647826413379519,41.896506582281155
-87.647800149343425,41.896515344260393
-87.647772541018568,41.896521010942251
-87.647743599414582,41.896522553302887
-87.64773671659249,41.896522169180464
-87.647714687159819,41.896521351595133
-87.647426005424634,41.896511051897953
-87.647089401214771,41.896516930517137
-87.646822965677146,41.896530088253776
-87.64680504978142,41.896531010233637
-87.646660797050785,41.896539066496324
-87.646655284183495,41.896539376560121
-87.646524848503333,41.896543398919967
-87.646342549277705,41.896545738750255
-87.646177699497557,41.89654783967967
-87.646104687981378,41.8965487748765
-87.646080348357273,41.896549315270128
-87.646045908545616,41.896549795208323
-87.645915035786501,41.896551756082218
-87.645733640008956,41.896555472472023
-87.645597239639542,41.89655911503273
-87.64546682595396,41.896561078145105
-87.645319418219685,41.896563625350886
-87.64516878573275,41.896567182130852
-87.645035610061072,41.896569814260509
-87.644770650727807,41.896573714285125
-87.644624657100749,41.896572838783023
-87.64452225949637,41.896573939756586
-87.64442996576382,41.896574758224737
-87.644249036340682,41.896577789007608
-87.644225155794629,41.896578331762747
-87.644220105700725,41.89657830145719
-87.644191175060399,41.896578813899481
-87.643006406873468,41.896598797012494
-87.642956813047633,41.896599527952951
-87.642933395280039,41.896599730192122
-87.642927886086341,41.896599697069519
-87.642898955430397,41.896600209186097
-87.642607827237583,41.896603946875658
-87.642548133217119,41.896604616885938
-87.642285939356228,41.896607498723739
-87.641921806901422,41.896611481380376
-87.641885530644146,41.896611949013277
-87.641772566274284,41.896613669966833
-87.641747771202631,41.8966138636696
-87.641714708639711,41.896614350603095
-87.64155123591911,41.896616453183462
-87.641526440846377,41.896616646838432
-87.641493378281183,41.896617133708169
-87.641340927640456,41.89661895936446
-87.641118216256999,41.896622076453603
-87.640962548199369,41.896624225242235
-87.640937749418455,41.89662476177719
-87.640904686846895,41.896625248477363
-87.640706315115992,41.896627825471292
-87.640324729319119,41.89663238384852
-87.640067574277822,41.896636320117565
-87.640043238296698,41.896636516223836
-87.640009716616305,41.896636999894454
-87.639916956263662,41.896638497976404
-87.6398944566795,41.896638705140184
-87.639888029287079,41.896638666327007
-87.639859098599587,41.896639177677379
-87.639663018593282,41.896642109737854
-87.639343873924318,41.896646698996818
-87.63890351210118,41.896651926512128
-87.638650492549672,41.89665554158622
-87.638625693744046,41.896656077621614
-87.638592631147773,41.896656563655824
-87.638363036798964,41.896659290728678
-87.637968595968715,41.896663763475431
-87.637415273182071,41.896670359373346
-87.637198981474143,41.89667419382365
-87.637175559951757,41.896674737895118
-87.637170050758328,41.896674704496242
-87.637141120042159,41.896675215161537
-87.636891758240552,41.896680220653181
-87.636510612487683,41.896686484169841
-87.635928825283401,41.896692900173861
-87.635872326192526,41.89669530126384
-87.635721663175687,41.896701589698807
-87.635702828896768,41.8967025043668
-87.635692721241284,41.896703129019272
-87.635680777187559,41.896703742514049
-87.635664238405099,41.896704671121704
-87.635447883035283,41.896714333386562
-87.635427678919797,41.896714553625472
-87.635206490065869,41.896704290352439
-87.634960819538392,41.89670759894404
-87.634778971295944,41.896710609215013
-87.634773921201727,41.89671057849398
-87.634767952908561,41.896710542187016
-87.634469922569394,41.896715589370579
-87.634230679374738,41.896718935515949
-87.634205880520597,41.896719470596359
-87.634172817875381,41.896719955357469
-87.633837145051714,41.896724428675917
-87.633630512849237,41.896726600096279
-87.633504697125559,41.896727891578365
-87.632966531396704,41.896733872348278
-87.632876984512933,41.896735384341262
-87.63289643594733,41.897770422624461
-87.632902896967735,41.897935459148336
-87.632903627771256,41.897952615072825
-87.632904038152148,41.897957076957368
-87.632904720228879,41.897978691965946
-87.63294341201032,41.898975771128313
-87.632944142832741,41.898992927049626
-87.632944553222146,41.898997388933296
-87.632945235318815,41.899019003937916
-87.632949854490136,41.899142522648908
-87.632953101977492,41.899223497362549
-87.632953832804432,41.899240653283108
-87.632954243195869,41.899245115166565
-87.632954925297312,41.899266730170247
-87.633001867556175,41.900517357989614
-87.633003953297944,41.900536580344536
-87.633004150060685,41.900560593587485
-87.633022250785132,41.901803498579746
-87.633022492529676,41.901823395742454
-87.63302269679302,41.901846722967591
-87.633022897308265,41.901870393198877
-87.633058655830425,41.903094195968151
-87.633059379219475,41.903112037889414
-87.633059797135573,41.903115813757388
-87.633060479296034,41.903137428746518
-87.633063230430068,41.903221830665203
-87.633064632235843,41.903261630580893
-87.633084752434499,41.903857594664622
-87.63308547958458,41.903875093577355
-87.633085893758533,41.90387921245091
-87.633083361876714,41.903900807837353
-87.633075331425843,41.903921340605244
-87.633063179854332,41.903940819153611
-87.633046459252668,41.903958211662626
-87.63302562877017,41.903973520930492
-87.633002077105772,41.903985726337581
-87.632975808010059,41.903994484876129
-87.632948195191915,41.904000147951983
-87.632924304317584,41.904001374346699
-87.632919249901917,41.904001686545897
-87.632890315857978,41.904002196114163
-87.632851276730889,41.904002987061638
-87.632638170423434,41.904007175338499
-87.632621637217753,41.904007417479903
-87.632198676121604,41.904012382349165
-87.631959868533187,41.904015383348352
-87.631472584830632,41.904023725963746
-87.631448701437151,41.904024266039158
-87.631443650770223,41.90402423516732
-87.631414716709443,41.904024744363603
-87.630737291511139,41.90403672382778
-87.630719380839707,41.904036957267067
-87.630415347275644,41.904041957135696
-87.630013514392417,41.904046357229134
-87.629988257292325,41.904046545557925
-87.629955650002486,41.904047031887423
-87.629447275083166,41.904052492480645
-87.629381142189985,41.904053459193449
-87.629325110629324,41.904054487798888
-87.629106497960393,41.904058292732039
-87.628705560621526,41.904064751913445
-87.628681677197292,41.904065291413033
-87.628676626530151,41.904065260419465
-87.628647692438406,41.904065768918187
-87.628006091661973,41.90407692302152
-87.627979912471432,41.904077448273583
-87.627082522503201,41.904090799033298
-87.626885038171579,41.904094043624987
-87.626861154726313,41.904094582745692
-87.626856104058831,41.904094551672046
-87.626827169945727,41.904095059711821
-87.626343562265177,41.904103060145722
-87.626035395840816,41.904108022969581
-87.625875573219943,41.904110468711274
-87.625851689762939,41.904111007621914
-87.625846639095272,41.904110976503851
-87.625817704970231,41.904111484289125
-87.625650991274583,41.90411423028786
-87.625031444164648,41.90412413156384
-87.625007560697881,41.904124670298799
-87.625002510030043,41.904124639143603
-87.624973602435645,41.904122745677441
-87.624946117797677,41.904116744635381
-87.62492370279044,41.904109059718067
-87.624900612499061,41.904120923278057
-87.624874342265883,41.904129679954046
-87.624846728700192,41.904135341075623
-87.62481778318265,41.904136877625319
-87.624788875588834,41.904134984112652
-87.624761390963542,41.904128983026482
-87.624735317933272,41.904119903384363
-87.624728013229372,41.904116084989717
-87.624716929113646,41.904121848081168
-87.624690658855556,41.904130604714936
-87.624663045273834,41.904136265792204
-87.624634099752129,41.904137802295558
-87.624605192163955,41.904135908736691
-87.624577707556085,41.904129907606681
-87.624551634552034,41.904120827923059
-87.624528354403225,41.904108335183878
-87.624519702610343,41.904101764229587
-87.624507203084292,41.904110948852839
-87.624483649770596,41.904123152499579
-87.624457379480816,41.904131909079737
-87.624429765878702,41.904137570100751
-87.624400820351624,41.904139106545252
-87.62437191277057,41.904137212927694
-87.624344428184742,41.904131211742019
-87.624318355213958,41.904122132005668
-87.624311050535013,41.904118313584689
-87.624295348300507,41.904126449322689
-87.624269077984252,41.904135205859554
-87.624241464364701,41.904140866835135
-87.62421251883228,41.904142403232122
-87.624183611255958,41.904140509567192
-87.62415612668697,41.904134508336575
-87.624130053742121,41.904125428557663
-87.624106773675024,41.904112935733657
-87.624086282691465,41.904097372871675
-87.624069946856864,41.90407977749765
-87.624058225320397,41.904060152449397
-87.624055534953044,41.9040543043402
-87.624002357708534,41.903921909732922
-87.623902928752202,41.903695239434228
-87.623764818619534,41.903437114391565
-87.623632735447032,41.903173880988241
-87.623629601204399,41.903166658009098
-87.623575051921733,41.903033911677319
-87.623571932887714,41.903025316674601
-87.623518765620247,41.902850729321003
-87.623516128539492,41.902840079121859
-87.623479745201351,41.902642612551226
-87.623478899106559,41.902636089770155
-87.623474683832356,41.902602103842604
-87.623471386843008,41.902568123591401
-87.623465790940315,41.902492965649316
-87.623464561696323,41.902479579919522
-87.623464193741469,41.902471344949006
-87.623462592744218,41.902450067254115
-87.623460221645217,41.902415406667515
-87.623459872688088,41.902405456669349
-87.623463011842176,41.902329323637382
-87.623448471384123,41.902315512588423
-87.623407578279171,41.902276497500679
-87.623334743169877,41.902219447395765
-87.623289224617622,41.902183490927129
-87.623093767537512,41.902045756618968
-87.62267927920648,41.901826054838139
-87.622416831578462,41.901725637960183
-87.622185711018801,41.901657316195553
-87.622016686629777,41.90162059427908
-87.621921866856141,41.901600111195037
-87.621683024096583,41.90156570045108
-87.621450912379714,41.901545395129617
-87.62119991158589,41.901530803691443
-87.620916760198384,41.90151704133153
-87.62058454280951,41.90149748526833
-87.620578118771178,41.901497102365319
-87.620407477978858,41.901481978876639
-87.620391886561464,41.901480166930945
-87.620276383692513,41.901461612246877
-87.62026767926487,41.901459843049935
-87.620141696593421,41.901434019543643
-87.620126128098235,41.901430149530064
-87.620036416943421,41.901404551183511
-87.620025435960386,41.90140105268167
-87.619935330663836,41.90136962031427
-87.619921613995217,41.901364389661531
-87.619801442915843,41.901311502594226
-87.619787286234285,41.901304554046114
-87.619650375825472,41.901229265915326
-87.619637148898207,41.901221294040063
-87.619502710231416,41.901130241759176
-87.61948268809148,41.901113994927201
-87.619417276478799,41.901050470929633
-87.619399561492784,41.901033209339715
-87.619396381978888,41.901030102310337
-87.619382301824047,41.901016293606979
-87.619293727083161,41.900929985603533
-87.61927966990163,41.900914118855972
-87.619183779496069,41.900783857555922
-87.61917700725202,41.900773524566333
-87.619145468453368,41.900719472853048
-87.619082165482411,41.900631606712338
-87.618235104713477,41.899389371918303
-87.618222000805332,41.899370423712149
-87.618218840565461,41.899365601623835
-87.618208900731943,41.899351132499199
-87.617738171741919,41.898661112626456
-87.61772506812737,41.898642164363494
-87.617721907960231,41.898637342261466
-87.617711968350136,41.898622873093736
-87.61711567271773,41.897748204351274
-87.617102569471072,41.897729256017151
-87.617099409395053,41.897724433897949
-87.617089470064954,41.897709964676231
-87.617005900313586,41.897587324989949
-87.616682856557006,41.897118789606033
-87.616536497615641,41.896904168879836
-87.616523394710185,41.89688522047954
-87.616520234718692,41.896880398344358
-87.616510295648254,41.896865929072426
-87.615888734111223,41.89595439188647
-87.615875631588523,41.895935443412142
-87.61587247169183,41.895930621259083
-87.615862532912686,41.895916151930983
-87.615353465534938,41.895169282564844
-87.615340363328571,41.895150334029339
-87.615337203510236,41.8951455118615
-87.61532726497181,41.895131042487002
-87.615002949146415,41.894655290645822
-87.614874140333072,41.894473365301785
-87.614762855733375,41.89432550937893
-87.614570137267862,41.894070118487619
-87.614543440076588,41.894035305410803
-87.614529416335657,41.89401669404095
-87.614515392602826,41.893998082669384
-87.614341201998684,41.893769220625273
-87.614236705928278,41.893630325447688
-87.61413325004925,41.893562443782223
-87.614117768493529,41.893551026848961
-87.614047281550327,41.893490898236571
-87.614035923998429,41.893480193182626
-87.613929774696132,41.893365985485666
-87.613918004303201,41.893351161480105
-87.613802838571871,41.89318132640436
-87.613796978430187,41.893171684860512
-87.613716926924639,41.893022994508634
-87.61371110146267,41.893010265912274
-87.613670546621307,41.892901271419028
-87.613645201500333,41.892909688315598
-87.613617591827918,41.892915346777791
-87.613588651151176,41.892916880537292
-87.613559748984017,41.8929149842361
-87.61354371233692,41.892912139482213
-87.611694832780245,41.892510854165771
-87.611692950179616,41.892514958688956
-87.611690134000284,41.892520429463232
-87.611687796192911,41.892524188096218
-87.61168591745249,41.892527949614049
-87.611681700903702,41.892535469764709
-87.611677958865641,41.892541620779248
-87.611674687477603,41.892546745662948
-87.611671416089024,41.892551870546548
-87.611666281402037,41.892559384926656
-87.611660216995219,41.892567922552153
-87.611654615515576,41.892576120057122
-87.611642968929488,41.892591140160249
-87.611638312610296,41.892596942398015
-87.611634589871144,41.892601378384953
-87.611614128311629,41.892624575792624
-87.611607624131111,41.892631395503905
-87.611596482930537,41.892642302424754
-87.611592308840912,41.892646049514568
-87.611588593818894,41.892649799489526
-87.611584882658036,41.892653206459144
-87.611577460335155,41.892660020398019
-87.611569578942493,41.892666831451031
-87.611561705271626,41.892672956493065
-87.611300842470442,41.892925844445635
-87.611290623169666,41.89293641410319
-87.611285515449637,41.892941527429024
-87.611272993066052,41.892952768662624
-87.611261388818676,41.892964015668042
-87.611257677622163,41.89296742262664
-87.611229862953536,41.89299125978625
-87.611215029742993,41.893003858600139
-87.611201593057231,41.893014751046856
-87.611197889582058,41.893017471993126
-87.611182142081447,41.893029722023684
-87.611165943231782,41.893041283154723
-87.611137248995519,41.893061684465586
-87.611133545514917,41.893064405409717
-87.611116432369727,41.893075617754121
-87.611099782154,41.89308648997806
-87.611082213790141,41.893097356424818
-87.611065112220572,41.893107539745969
-87.611047088638273,41.893118060294661
-87.611028609843245,41.893128234947781
-87.611011056914947,41.893137729362863
-87.610994892790742,41.893146203422916
-87.610990734092482,41.893148578469486
-87.61095472939023,41.89316584648374
-87.610938113910066,41.893173631637538
-87.610933500001323,41.893175660788927
-87.610896588720891,41.893191893993382
-87.610877677867222,41.893199664697789
-87.610860151956146,41.893206758053545
-87.61085415696094,41.893209121542107
-87.610835253828526,41.893216206229198
-87.610817739505691,41.893222270563037
-87.610801143323883,41.893228340671129
-87.610793308169903,41.893231035607663
-87.610774416622505,41.893237091269292
-87.610744468675605,41.893246507650488
-87.610719150106704,41.893252522860898
-87.610553536028135,41.893282353230411
-87.610314357979462,41.893321668062057
-87.610281269922112,41.893324546992183
-87.610042505642568,41.89332715971392
-87.610017252769595,41.893327343682934
-87.609984650861847,41.893327824383753
-87.608535530529096,41.893344071262916
-87.608529103510605,41.893344030697193
-87.608307772265007,41.893347778931677
-87.608032258772496,41.893352213619771
-87.607603850727656,41.893357739656594
-87.607596482265336,41.893359751265294
-87.60757260659841,41.893359943400398
-87.607567556797989,41.893359911485007
-87.607538627447241,41.8933604147023
-87.606931118773559,41.893370294571369
-87.606355752832414,41.893379688657689
-87.606100442227657,41.893383903577231
-87.605844672524583,41.893388115020542
-87.605557678058105,41.893392814065244
-87.605192162632363,41.893398729677472
-87.605163233253919,41.893399232296026
-87.605129713147107,41.893399705795822
-87.60510629264158,41.893400243333772
-87.605100783767952,41.893400208398639
-87.605071854388456,41.893400710994172
-87.604867053358092,41.893404214397684
-87.604643889398147,41.89340760091325
-87.604307303233654,41.893413011219891
-87.603959240205938,41.893418347644129
-87.603572599400437,41.893424809977425
-87.603273660977905,41.893430113467502
-87.602836934224101,41.893440371240757
-87.602599491910922,41.893447779304132
-87.602578825811278,41.893448333853883
-87.602570558589335,41.893448624273638
-87.602541625267094,41.893449469235854
-87.602349650669993,41.893455450979822
-87.602341387357527,41.893455398378606
-87.602312485320695,41.893453499247414
-87.602285007442077,41.893447492823185
-87.602258941991664,41.893438408120268
-87.602235670102417,41.893425910903417
-87.602215187864516,41.893410344178761
-87.602198860760339,41.893392745729734
-87.602187147860306,41.893373118481001
-87.60217957835296,41.893352488524314
-87.602177529450699,41.893330864629341
-87.602180071268222,41.893309269963787
-87.602188110208374,41.893288739386477
-87.602200269051608,41.893269264127653
-87.602216995130803,41.893251876122171
-87.602237829372555,41.893236572445332
-87.602261382827578,41.893224373340459
-87.602287651586366,41.893215621810363
-87.602315262349876,41.893209966081592
-87.602335940107778,41.893208382565248
-87.602544448346165,41.893201820003583
-87.602565114366527,41.893201265459368
-87.60257337764665,41.893201318044227
-87.602602279578562,41.89320321710899
-87.602825976211918,41.893193320390999
-87.603264996638543,41.893183077238668
-87.603564852051292,41.893177779596591
-87.603952409509006,41.893171323109023
-87.604300471195458,41.89316598669464
-87.604637056062955,41.893160576397541
-87.604860219162944,41.893157189888299
-87.605074659895834,41.893153747629619
-87.605098539382467,41.893153213008652
-87.605103589163832,41.893153245032487
-87.605132518431503,41.893152742428036
-87.605155479775405,41.893152201972953
-87.605184868113398,41.893151702266373
-87.605550382130673,41.893145786665997
-87.605837375491234,41.893141087630582
-87.606093144208728,41.893136876195555
-87.606348453829682,41.893132661284312
-87.606923817553707,41.893123267216673
-87.607541423448325,41.893113451200804
-87.607565302906636,41.893112916066571
-87.607570348804444,41.893113290986783
-87.607599254745494,41.893114845789846
-87.608024953309538,41.893105186300907
-87.608300465740371,41.89310075162178
-87.608524091488007,41.89309701788239
-87.608532813836618,41.893097072935902
-87.609960352247768,41.893080690132557
-87.609950349446038,41.893072051385495
-87.609945809052334,41.893067563400997
-87.609939906928503,41.89306169472038
-87.609936280807418,41.893057555524379
-87.60992995057876,41.893048939910891
-87.60992271382203,41.893039289497928
-87.609918647985566,41.893033432384122
-87.609914578279216,41.893027918275223
-87.609907800597711,41.893018270753331
-87.609904656775583,41.893012076418039
-87.609901524566069,41.893004853067481
-87.609892598624143,41.892982156892216
-87.609889493512512,41.892972532505915
-87.609888621820858,41.892968410661013
-87.609887777224472,41.8929618877807
-87.60988695972344,41.892952963864964
-87.609886103515166,41.892947469999797
-87.609884406582054,41.892935110249191
-87.609884573024289,41.892920361031628
-87.609885074672334,41.89291659086809
-87.609889037535154,41.892890888625388
-87.609890017605878,41.892885406328595
-87.609892857178863,41.892877877569767
-87.609892487135411,41.892869985561227
-87.609867692084123,41.892300743469576
-87.609848467095162,41.892254999427458
-87.609591293852716,41.892261954618093
-87.60928227719414,41.892265838125816
-87.608773069366094,41.892271888139561
-87.608162824477475,41.892281071220353
-87.607373940994009,41.892294610348216
-87.605204259132847,41.892333700061741
-87.604685834247334,41.892342760769566
-87.604089372067207,41.892350980563911
-87.603507136894024,41.892359630709414
-87.602725624320726,41.892370783536727
-87.601737893432286,41.892389193168469
-87.600904988570548,41.892397947999569
-87.600876087057728,41.892396048510626
-87.600848609770424,41.892390041746225
-87.600822544956031,41.892380956720658
-87.600799273731894,41.892368459215682
-87.600778792180648,41.892352892237419
-87.600762465738896,41.892335293586214
-87.600750753469313,41.892315666192403
-87.600743184545593,41.892295036141924
-87.600741136156913,41.892273412221478
-87.600743678410836,41.892251817587272
-87.600751717672154,41.892231287109368
-87.600763876744452,41.892211812000944
-87.600780602930271,41.892194424202408
-87.600801437163966,41.892179120783375
-87.600824990496747,41.892166921969967
-87.600851259011563,41.892158170764972
-87.600878869440109,41.89215251537793
-87.600904137522619,41.892150961397391
-87.60173244854046,41.892142177300023
-87.602718798432662,41.892123758921983
-87.603500767057895,41.892112609034378
-87.604082999987511,41.892103958903022
-87.604679000805831,41.892095736210372
-87.605196505566909,41.892086669695587
-87.607366179068009,41.892047580060989
-87.608155977638418,41.892034046759903
-87.608767138302227,41.892024869489681
-87.609276803231396,41.892018822381061
-87.609583982445855,41.892014927305468
-87.609797069135212,41.892009066479567
-87.6097544812243,41.891307988830654
-87.609754149916498,41.891296666768248
-87.609784366266339,41.890815929723537
-87.609790138149378,41.890792640080051
-87.609793008605507,41.890782367278881
-87.609809220313764,41.890728956809653
-87.609818645257405,41.890707405328534
-87.609872477634909,41.890615469529273
-87.609890184849689,41.890592255071994
-87.60996681872345,41.890513841024223
-87.609974240964362,41.890507027186317
-87.610010410822099,41.890475010237608
-87.610024769144161,41.890463780700514
-87.610053454817105,41.890444065662535
-87.610073325618814,41.890432527809544
-87.610124574451291,41.890406780327346
-87.610136112653279,41.890401364518659
-87.610196997652039,41.890376020718918
-87.610212671175745,41.89037028791369
-87.610255980633994,41.890356496413546
-87.610267032685982,41.890353478737694
-87.61032182227494,41.890339416467917
-87.610336091548731,41.8903360760117
-87.610394055790479,41.890325463990855
-87.610408309587129,41.890323495546625
-87.610469907543333,41.890316336658884
-87.610485071703906,41.890315059994869
-87.610538811636872,41.890312654020661
-87.61057185559342,41.89031354806049
-87.610624129440609,41.890319022499838
-87.610634213103722,41.890320458078953
-87.610697457802274,41.890330117883323
-87.610703417738307,41.890330841447202
-87.610762060346246,41.890341501344835
-87.610789981309793,41.890348880649093
-87.610840750496621,41.890365665499445
-87.610850351929102,41.890369156203228
-87.610928054476844,41.890399488617362
-87.610949066517506,41.890408882597576
-87.611013402545694,41.890443933283684
-87.611025711941323,41.890451557361246
-87.611080392494927,41.890487919395049
-87.611099051365116,41.890502443991473
-87.611122678684453,41.890524203453673
-87.611131304094215,41.890532833439543
-87.611172112730571,41.890578026956824
-87.611176641446391,41.890583543909955
-87.611197919467017,41.890610090996809
-87.611206506264764,41.890622151030051
-87.611229496901444,41.890659685827416
-87.611236243632902,41.89067207731722
-87.611257289921014,41.890719204710841
-87.611262620870207,41.890735017592455
-87.611270972051301,41.890768000943794
-87.611275813048948,41.890786554980615
-87.611281973269087,41.890810262755835
-87.611285483463519,41.890824692069394
-87.611287223109471,41.890833278747301
-87.611289784292367,41.890850446330205
-87.61129334470877,41.890860416574697
-87.611312620544723,41.890901701322015
-87.611332930398802,41.890932701679802
-87.611339272200226,41.890940288203083
-87.611349278724887,41.890948583825917
-87.611408160911495,41.890978797585426
-87.611410494815232,41.890975381962107
-87.611447281632337,41.890929304228621
-87.611466785970819,41.890909531121736
-87.611482540614944,41.890896595032515
-87.61152007166767,41.890865958284337
-87.611533492397768,41.890856437813568
-87.611563092038153,41.890837071173692
-87.611591264298454,41.890822154939535
-87.611621245737084,41.890809651275809
-87.611647971309011,41.890800900468037
-87.611684344746095,41.890791524224717
-87.611711490749911,41.890786206340067
-87.611749187286946,41.89078164080474
-87.611765269644039,41.890780369741535
-87.611822227170691,41.890777640355587
-87.611832330234279,41.890777360803469
-87.611923230786388,41.890777245831806
-87.612091264109424,41.890776586172592
-87.612201927164847,41.89077453692326
-87.612336923972236,41.890772297321014
-87.612478347538485,41.890770097903051
-87.61248339714038,41.890770129600917
-87.612638557639414,41.890771103481697
-87.612801495093152,41.890774527156807
-87.612851991119683,41.890774843983415
-87.612893329177282,41.890773045156187
-87.612918137406723,41.890771485645111
-87.61295721872699,41.890766242341236
-87.613009230647606,41.890754219542551
-87.613135011086527,41.890714187933803
-87.613224074746441,41.890673239888912
-87.613282308494689,41.890638616027843
-87.613302664802774,41.890624679452579
-87.613363340101458,41.890577035733557
-87.613407913787597,41.890532378305039
-87.613439568459398,41.890493471374455
-87.613519286464737,41.890344410178713
-87.613567822482125,41.890151245690653
-87.613612947634209,41.889934733781594
-87.613654141253448,41.889700359664531
-87.61365511709991,41.889695220335206
-87.613718285912128,41.889425308815383
-87.613808829290221,41.889088677979508
-87.613821299437689,41.889041074983879
-87.613827521032363,41.889018474004921
-87.613812789015938,41.888531279493606
-87.613256893047819,41.888527795099193
-87.611909811006683,41.888583486890937
-87.611805092216599,41.888587974422158
-87.61148280000306,41.888630885856813
-87.611454756126292,41.888634482898013
-87.611425817339281,41.888636016128288
-87.61141985368991,41.88863563560831
-87.611396909447606,41.888634805307817
-87.610445611114145,41.888603093620745
-87.609029654360199,41.888578392111953
-87.608998443605103,41.888577852222227
-87.608971823237312,41.888577341279408
-87.607613247669846,41.888552984240633
-87.607587101896073,41.888551103857324
-87.607559625600075,41.888545098702828
-87.607533561368584,41.888536015199314
-87.607510290202029,41.888523519046743
-87.607489808219441,41.888507953251938
-87.607473480886227,41.888490355536355
-87.607461767238178,41.888470728803291
-87.607454196585124,41.888450099167954
-87.60745214603574,41.888428475335921
-87.607454685860532,41.88840688051971
-87.607462722479895,41.888386349537512
-87.607474878777936,41.888366873683658
-87.60749160213966,41.888349484873736
-87.607512433526239,41.888334180204389
-87.607535984178696,41.888321979985115
-87.607562250216418,41.888313227219427
-87.607589858415167,41.888307570197256
-87.607621551351414,41.888306055338639
-87.608974613249714,41.888330377493155
-87.609005823884075,41.888330917388423
-87.60903244414996,41.888331428322594
-87.610458494271896,41.888356193326281
-87.611433678213885,41.888386339909772
-87.611756887301354,41.888343434370547
-87.611776645204174,41.888341843369943
-87.611891466272368,41.888337076300886
-87.613244055442223,41.888281076217339
-87.61325461714479,41.888280799415277
-87.613805920600782,41.888284255042308
-87.613801967216261,41.888145646250159
-87.613790309345475,41.887957249863277
-87.613789556791033,41.88794249486773
-87.613789174740148,41.88793563187842
-87.613788040135489,41.887914013893479
-87.613776710497675,41.887737282567144
-87.613760821391097,41.887557778426171
-87.613753051531518,41.887513821925531
-87.6137051765851,41.887484707421216
-87.613694695857291,41.88747778114665
-87.613651889555328,41.887446983234327
-87.61362418126167,41.887420739317584
-87.613555382714196,41.887333521578007
-87.613547706263432,41.887322153479211
-87.613505335255198,41.887252595871686
-87.613500382195099,41.887243989079067
-87.613470760131847,41.887183773176965
-87.613462327390451,41.887157993079114
-87.613427723127671,41.886969109749884
-87.613403095149238,41.886832086453097
-87.61340137842717,41.886821441765782
-87.613399657854544,41.88681114008412
-87.613398365499862,41.886803585325694
-87.613396228264278,41.886789507703604
-87.613378644427854,41.886679284886497
-87.613358186390982,41.886538857417975
-87.613330506605649,41.88634658715489
-87.613310048770273,41.886206159671332
-87.613279846233567,41.885993291774987
-87.613259338538526,41.885857323350152
-87.613245277101399,41.885760500748496
-87.613242298929649,41.885739557250055
-87.613241002761541,41.885732345494517
-87.613238410426149,41.885717921983364
-87.613239879925814,41.885709698480404
-87.613214160786256,41.885547284059427
-87.613182535575319,41.885338523552079
-87.613181683028927,41.885332686697048
-87.613179638335694,41.885310376929731
-87.613164303482492,41.885163463954065
-87.613163960032495,41.885153170902292
-87.61316491799677,41.884986121331032
-87.613165500278072,41.884975148024509
-87.613183137368793,41.884835302410998
-87.613184606853721,41.884827078907385
-87.613214112669013,41.884693139223252
-87.613217456709421,41.884681497174313
-87.613249690153211,41.88459079635745
-87.613230296157965,41.884600965645447
-87.613217374528006,41.884607059157304
-87.613191110769321,41.88461581324006
-87.613163504639928,41.88462147162884
-87.6131345677002,41.884623005305315
-87.613105669283144,41.884621108916456
-87.613078194130608,41.884615105087441
-87.613052130689425,41.884606022836728
-87.613028859847205,41.884593527796746
-87.613008377753076,41.884577962975001
-87.612992049879836,41.884560366028055
-87.612980335235747,41.884540739836943
-87.612972763248351,41.884520110541104
-87.612970710943586,41.884498486779286
-87.612973248737291,41.884476891810522
-87.612981283084849,41.884456360410418
-87.612993436953118,41.884436883940147
-87.613010157789617,41.884419494294939
-87.613030986583155,41.884404188593741
-87.613041613143594,41.884398080707349
-87.613071625956294,41.884382489572985
-87.613075780152911,41.884380457448216
-87.6131399368102,41.884349301061064
-87.613193004013084,41.884324592666573
-87.613230330078096,41.884311791591074
-87.613295227447637,41.884296419140526
-87.613301668971275,41.884295087409143
-87.613363322441131,41.88428243882057
-87.613385856210499,41.884278806763206
-87.61342077935133,41.884275595400588
-87.613531739610323,41.884082479007567
-87.61353874021475,41.884072231987162
-87.613668812471886,41.883893985535302
-87.613677193899377,41.883883404129378
-87.613816611989762,41.883731286352031
-87.613825892138081,41.883722425715924
-87.613990520078474,41.883573552939929
-87.614000251488193,41.883565381176176
-87.614197930627554,41.88341637209205
-87.614212730242613,41.883406516897658
-87.614381859439121,41.883306382004143
-87.614453925071743,41.883265669547356
-87.614459930536995,41.88326227684054
-87.61460951570244,41.883185688337036
-87.614622436914019,41.883179594663765
-87.614789386832996,41.883109975201073
-87.614798146266622,41.883106599708022
-87.614900463131548,41.883069849575762
-87.614909218711418,41.883066817080156
-87.615100375907957,41.883007982532796
-87.615106362107795,41.883006304821812
-87.615196147386271,41.882981825131246
-87.615591564066477,41.882882760273525
-87.615604450575702,41.882879753543051
-87.616120513410451,41.88278761536634
-87.616136153864076,41.882784625775585
-87.616146313192587,41.882779200741474
-87.616215125785061,41.882741897158056
-87.616350104121807,41.88265766849814
-87.616485246968466,41.882558690409908
-87.616628537317482,41.882428890298243
-87.616804742321833,41.882228974200956
-87.616852548375221,41.882140770699003
-87.616865197937528,41.88211786659987
-87.616874102740098,41.882101456709066
-87.616927512300848,41.882004712379214
-87.617022236998807,41.881784391847951
-87.617060604955995,41.881554800950056
-87.617076115185583,41.881316834742485
-87.617083592690378,41.881099400235357
-87.617065634776864,41.881104433683625
-87.617038030492211,41.881110093021725
-87.617009095217099,41.881111627688519
-87.616953098920703,41.881111278390073
-87.616954965472019,41.881314020879159
-87.616952429157919,41.881335615959173
-87.616944396482808,41.88135614766118
-87.616932244405561,41.881375624573927
-87.616915525429775,41.881393014813852
-87.616894698541572,41.881408321242468
-87.616871152200304,41.881420523429384
-87.616844890239832,41.881429278366689
-87.616813154901209,41.881434911876113
-87.616768160753168,41.881517987466104
-87.616758127244168,41.881553256967052
-87.616758501919563,41.881560805968775
-87.616758459762664,41.881564579037622
-87.616758053523014,41.881600937700945
-87.616757372250973,41.881620829199782
-87.616755780663752,41.881640028957968
-87.616754185243025,41.881659571722317
-87.616751675673569,41.881678765752206
-87.616749185265121,41.881696244750728
-87.616746220534793,41.881715092910056
-87.616743274965401,41.88173222603799
-87.616742299496153,41.881737365403517
-87.616734094234729,41.881773332369498
-87.616729771686593,41.881790456904483
-87.616725456801404,41.881806895426742
-87.616724030003823,41.881811345915395
-87.616718789468024,41.881828464721465
-87.616713556594817,41.881844897514746
-87.616711666971511,41.881849688145223
-87.616698879427801,41.881884940452963
-87.6166908619319,41.881904100109175
-87.616676731886145,41.881936256764931
-87.616674846090248,41.881940704388455
-87.616657009593439,41.881975925182452
-87.61664763042873,41.881993704216903
-87.616637329440721,41.882011820527673
-87.616627506605454,41.882028224670876
-87.61661675427996,41.882045652102597
-87.616605072462946,41.882064102822554
-87.61659340597275,41.882081181516341
-87.616581284316695,41.882097914337884
-87.616569170321341,41.882113961145627
-87.616556589659396,41.882130691099562
-87.616543553831121,41.882147075180903
-87.616530525663634,41.882162773248261
-87.616518430812235,41.882177105019252
-87.616514246196019,41.882181881320932
-87.616486832014303,41.882211553820618
-87.616471061358098,41.882226205671373
-87.616468724213362,41.882229964413511
-87.616457126670937,41.882240868980915
-87.616451549726932,41.882247008709193
-87.616446917609593,41.882250753124431
-87.616442289325946,41.882254154533285
-87.61643437523135,41.882264053002203
-87.616425064979779,41.882275657905332
-87.616419958527061,41.882280771478811
-87.616409282790372,41.882291338765782
-87.616399069879122,41.882301565911021
-87.616393504427734,41.882306676617766
-87.616367998973487,41.882329843432132
-87.616353632088305,41.882342102819599
-87.616339265197595,41.882354362205206
-87.616324439306453,41.882366618723154
-87.616311472399474,41.882376828665457
-87.616307765924589,41.882379892794198
-87.616278611459222,41.882400978623934
-87.61626519321311,41.882410499682521
-87.616261031574012,41.88241321793749
-87.616247620993335,41.882422052981632
-87.616235128399751,41.882430893756471
-87.616230507762623,41.882433609144158
-87.616216175347049,41.882442781458323
-87.616212013703773,41.88244549971148
-87.616180124381529,41.882464853287132
-87.61616534062756,41.882473336716103
-87.616160723820201,41.882475709094756
-87.616146869560268,41.882483169235719
-87.616132552465359,41.882490969514578
-87.616125625332515,41.882494699583532
-87.61609423715322,41.882510282933708
-87.616089620340588,41.882512655309434
-87.61605409350642,41.882528898859981
-87.6160379480784,41.882536001646955
-87.616033335098308,41.882538031014235
-87.615996909426698,41.882552553782133
-87.615978469004986,41.882559642225019
-87.615958184920103,41.882567405208107
-87.615937908504279,41.882574482175301
-87.615917635921107,41.882581216132735
-87.615899206994044,41.882587275544324
-87.615864200465353,41.882598033804626
-87.615855911665349,41.882600383229558
-87.615817699821051,41.882610435389466
-87.615797450240493,41.882615111288715
-87.615776737822486,41.882620127322483
-87.615755111245747,41.882624794610201
-87.615735787325903,41.882628790222398
-87.615717385235442,41.882632448561708
-87.61571002593395,41.882633774694149
-87.615670938276239,41.882640048001043
-87.615651166865405,41.882643011712169
-87.61562956714252,41.882645277933314
-87.615331952849587,41.882659882995092
-87.615321851076388,41.882660162865598
-87.614964709203377,41.882661702657877
-87.614923854634682,41.882661790115719
-87.614883914217287,41.882662226308234
-87.614846264941335,41.882663019851513
-87.614807230987793,41.882664490778922
-87.614768652186328,41.882666307571114
-87.614730524692945,41.882668813234609
-87.614691012518549,41.882671996280472
-87.614652418334387,41.8826751850577
-87.614615193449509,41.882679068451921
-87.61457612488357,41.882683626354932
-87.614538429459031,41.88268853586947
-87.614499812189976,41.882693782631399
-87.614461646222168,41.882699718265577
-87.61442393155447,41.882706342772458
-87.614386675876389,41.882712970140439
-87.614349408654306,41.882720626514306
-87.614311682426148,41.882728280002127
-87.614275325489544,41.882736628111502
-87.614238501854004,41.88274565934713
-87.614200756366927,41.882755027828253
-87.61416484301283,41.882764750800654
-87.614128466803663,41.882774813893128
-87.614092541887175,41.882785565860672
-87.614057068262468,41.882797006703719
-87.614021594625243,41.882808447535687
-87.613986572278549,41.882820577243685
-87.613952005069152,41.88283305282215
-87.613916971152648,41.882846211526576
-87.613882388524104,41.882860059107685
-87.613848727725596,41.882873569423708
-87.613815055367908,41.882888108747586
-87.613781379146474,41.882902991067397
-87.613749076056706,41.882918225011487
-87.61371631010401,41.882933799076028
-87.613684458284141,41.882949721889766
-87.613638744095738,41.882973790541008
-87.613634586159094,41.882976165693449
-87.613611046325957,41.882987681187338
-87.613566716780468,41.883011072427486
-87.613545468069447,41.883022945297853
-87.613522826952448,41.883036181556825
-87.61350203337453,41.883048400301938
-87.613481691087983,41.883061307932238
-87.613460423093244,41.883074895816108
-87.61343961408933,41.883088486573314
-87.613420182076382,41.883102085958988
-87.61340120520461,41.883116031224716
-87.613381765473747,41.883130316615514
-87.613361855181523,41.883145628142969
-87.613342870582329,41.883160259410552
-87.613325725827224,41.883174559180326
-87.613289565630552,41.883206234253109
-87.613268289844441,41.883220508112167
-87.613262666294403,41.883230763752231
-87.613255245253015,41.883237577820616
-87.613250597472785,41.88324269412783
-87.613245031689885,41.883247804678554
-87.613238995350628,41.883253941368501
-87.613227852225478,41.883265191486167
-87.613220936396644,41.883267892359761
-87.613207413523327,41.883286674213657
-87.613177193260711,41.883320787708506
-87.613148342266925,41.88335559584236
-87.613135297615784,41.883372665536328
-87.613120856691069,41.883391441622116
-87.613108271027329,41.883408514191437
-87.613083527863097,41.883445406251418
-87.61307230377642,41.883463859476372
-87.613061083535698,41.883481969694259
-87.613050781294064,41.883500085668821
-87.613040467488759,41.883519230659957
-87.613030145971933,41.883539061661764
-87.613020291157198,41.883558209529888
-87.613011821051884,41.883576680022657
-87.613003339383226,41.883596179532262
-87.612994853856463,41.883616022046986
-87.612987753041281,41.88363518718689
-87.612980648368833,41.883654695332112
-87.612973998842989,41.883674549361885
-87.612961613934189,41.883714606184462
-87.612956804266688,41.883734128724349
-87.612951524032326,41.883754677402109
-87.612947169510122,41.883774545826597
-87.612943270136839,41.883794760136055
-87.612941291550513,41.883807439834477
-87.612952546100004,41.884072329595917
-87.612953279163136,41.8840887996341
-87.612953680373053,41.884093947600768
-87.612951142589722,41.884115542570612
-87.612943108276781,41.884136073970076
-87.612930954451599,41.884155550436368
-87.612914233663602,41.884172940071217
-87.612893404918381,41.884188245752213
-87.612869856799108,41.884200447098841
-87.612843593161429,41.884209201103666
-87.612815987178095,41.884214859410434
-87.612789804461912,41.884216410280985
-87.612758129067217,41.884216554560666
-87.610240548218258,41.884234689778616
-87.610199981942515,41.885837413124584
-87.610199263760308,41.885860391603138
-87.610198576522407,41.885880626037533
-87.610176276367554,41.886758985023548
-87.610175558161899,41.886781963498137
-87.610174870902526,41.886802197929022
-87.610150156037577,41.88777247353768
-87.611140749457121,41.887778707555498
-87.611169649230959,41.887780604448501
-87.611197125550618,41.887786608740093
-87.611223190009653,41.887795691414915
-87.611246461648264,41.887808186820237
-87.61126694433112,41.887823751952268
-87.611283272545919,41.887841349137354
-87.611294987256969,41.887860975491023
-87.611302559082475,41.887881604884392
-87.61130461091652,41.887903228659773
-87.611302072409529,41.887924823573371
-87.611294037075737,41.887945354836013
-87.611281882013813,41.887964831105307
-87.611265159774064,41.887982220477255
-87.611244329389237,41.887997525836234
-87.611220779551758,41.888009726823206
-87.611194514126638,41.888018480431079
-87.611166906358577,41.888024138323658
-87.611137967841387,41.888025671483661
-87.610009201138396,41.888018567198642
-87.609980281948012,41.888018385039899
-87.609951382106516,41.888016487847082
-87.609923905809495,41.888010483257801
-87.609897841451783,41.888001400289163
-87.609874570010234,41.88798890461247
-87.609854087616696,41.887973339234769
-87.609837759763892,41.88795574184968
-87.609826045484084,41.887936115351053
-87.609818474128843,41.887915485864191
-87.609816422796044,41.887893862066235
-87.609817125666737,41.887872255620863
-87.609844372142632,41.886800116206487
-87.60984509046726,41.886777137734988
-87.609845777830273,41.886756903306797
-87.609868082510388,41.885878544420223
-87.60986880081154,41.885855565944759
-87.609869488153123,41.885835331513057
-87.609912565708541,41.884132802397311
-87.609913283965383,41.884109823914322
-87.609915807293007,41.884089601042014
-87.609923842566204,41.884069069861759
-87.609935997283472,41.884049593720484
-87.609952718840375,41.884032204525035
-87.609973548228766,41.884016899382118
-87.60999709682288,41.884004698632815
-87.610023360755832,41.883995945281107
-87.61005096688163,41.883990287646668
-87.610079903598447,41.88398875474541
-87.610108824840637,41.883988593859307
-87.612617671053613,41.883970749725897
-87.612610341308013,41.883806049323979
-87.612611475193646,41.883786846759882
-87.612615903063613,41.883760461238495
-87.612620774514681,41.883735450620748
-87.612626085691844,41.883712157912392
-87.61263186357867,41.883688182072653
-87.612637622187222,41.883665921261596
-87.612638586452135,41.883661810952923
-87.612653347517636,41.883614565446663
-87.612660945979826,41.883591973150359
-87.612669948428206,41.883566988454
-87.61267893159679,41.883543718785958
-87.612688832764448,41.883520454877832
-87.612699196781904,41.88349685084323
-87.612710490359703,41.883472223550612
-87.612721753094391,41.883450340303455
-87.612733482531937,41.883427773923565
-87.612745670963179,41.883405210422481
-87.612757381113411,41.88338435906909
-87.612759718517651,41.88338060040526
-87.61277280951785,41.883359414684577
-87.612787300637521,41.883336179567095
-87.612814377472347,41.883295871912068
-87.612817173871164,41.883292116126853
-87.612832559839376,41.883270944798021
-87.612847938090184,41.883250459478717
-87.612862845769797,41.883231000295105
-87.612865642162916,41.883227244508618
-87.612897285786701,41.883189023664315
-87.612900537323142,41.883185613762329
-87.612934009199932,41.883148090437146
-87.612937260732309,41.883144680534073
-87.612955381360251,41.883125241493268
-87.612975345682543,41.883105127954593
-87.612987877381357,41.883092857481124
-87.61299344317095,41.883087746942792
-87.613011077797168,41.883070706054802
-87.613017071761348,41.883068342441447
-87.613037055309221,41.883046513862112
-87.613075996500271,41.883012455099887
-87.613079703165084,41.883009391077287
-87.613102402145685,41.882991009817786
-87.613124630558048,41.882973654692726
-87.61314685510645,41.882956642569113
-87.6131704643429,41.88293895306456
-87.613194991563532,41.882921269311659
-87.613219511067541,41.882904271565181
-87.613244019004313,41.88288830283107
-87.613267601229765,41.882873014347346
-87.613290716743521,41.88285840899254
-87.613294878536166,41.882855690846633
-87.613319830029667,41.882841096997531
-87.613345699507704,41.88282650889834
-87.613369721430445,41.882812938300482
-87.613373883216823,41.882810220151633
-87.613422829621555,41.882784456717296
-87.613426983702993,41.882782424578359
-87.613450064495225,41.88277090624414
-87.613499469836967,41.882745145653786
-87.613535938521267,41.882726850618425
-87.613573780326604,41.882708907207657
-87.613611618261416,41.882691306790143
-87.613648985631031,41.882674732501336
-87.61368865566331,41.882657486569983
-87.613727388437084,41.882641949902172
-87.613766121192214,41.882626413221097
-87.613806686066141,41.88261123103625
-87.613845862387464,41.882597069227685
-87.61388733752085,41.882582578777367
-87.6139274164086,41.882569794715657
-87.613969338959834,41.882556336128715
-87.614009406273311,41.882544581056052
-87.614052231394794,41.882532500212633
-87.614093208976541,41.882521436872217
-87.614134637846874,41.882511062403616
-87.614177906533143,41.88250035641147
-87.61422162266237,41.882490682295142
-87.614263032263068,41.882482022809931
-87.614307195825859,41.882473380552888
-87.614349052863318,41.882465752928361
-87.614393663863495,41.882458142529643
-87.614436427336926,41.882451549638226
-87.614480563943005,41.882445308356353
-87.614523774861127,41.882439747323524
-87.614568358913445,41.882434537898881
-87.614612935270713,41.882430014468966
-87.614656126948688,41.882426168416401
-87.614699769929743,41.882423011231943
-87.614741573082696,41.882420185548433
-87.614746625872968,41.882419874135635
-87.614787958497601,41.882418074581281
-87.614829750115263,41.882416277883799
-87.614835261900012,41.882415969338872
-87.614878418972808,41.882415210257093
-87.614922031197608,41.88241479703656
-87.614963344604107,41.882414712449361
-87.615314977159287,41.882413138212669
-87.615596972959594,41.882399464668829
-87.615604791231448,41.882398141412061
-87.615636519472289,41.882393194254306
-87.615650323870881,41.882390193254743
-87.61566596424835,41.882387203727248
-87.615680690472658,41.882383865454734
-87.615696801356904,41.882379849772988
-87.6157119904111,41.882376171358601
-87.615742376190298,41.882368128511494
-87.615772773475456,41.88235905663786
-87.615787056044084,41.882354343459056
-87.615800875778191,41.882349970416698
-87.61581470318562,41.882344911360377
-87.615829452417842,41.882339515031774
-87.615843746490356,41.882333772827394
-87.615872797459645,41.882321948274679
-87.615885251709017,41.882316537600794
-87.615913400022279,41.882303335277946
-87.615938786683941,41.882290801756426
-87.61595310375705,41.882283001501293
-87.61596603617032,41.882275878655001
-87.615977583924661,41.882269433218006
-87.616003464083789,41.882253815493648
-87.616013631011683,41.882247704457882
-87.616027508254334,41.882238186295417
-87.616039534171605,41.882230028688213
-87.616050175431496,41.882222548491391
-87.616073779766154,41.882205201385496
-87.616083965860355,41.882197375312487
-87.616095085283717,41.882188182947267
-87.616105282880667,41.882179327853791
-87.616115480474804,41.88217047275937
-87.616136346155599,41.882151736415715
-87.616146559084228,41.88214150929371
-87.616155379686859,41.882132645596108
-87.616185570958379,41.882100932337039
-87.616192995393362,41.882093775068313
-87.616199501840825,41.882086612066523
-87.616205537787508,41.882080475216647
-87.616217609677406,41.882068201515914
-87.616240839293326,41.882043305372008
-87.616250608536248,41.882031703349419
-87.616261314936395,41.882018392027042
-87.616271554669495,41.882005763849996
-87.616281802068642,41.88199244965957
-87.616291594306333,41.881978789596083
-87.616300919877844,41.881965812678224
-87.616309782618671,41.881953175899923
-87.616317727372177,41.881940533389283
-87.616326146453574,41.881926521718988
-87.616335024522954,41.881912512913743
-87.616342521778904,41.881898838516882
-87.616349556205421,41.881885504260012
-87.61636364422256,41.88185712071374
-87.616376355253777,41.881828728568848
-87.616381557535846,41.881815039841271
-87.616392903081405,41.881785610078943
-87.616397191209316,41.881771572613303
-87.616401483169696,41.881757192141237
-87.616405312303243,41.881743151809744
-87.616409156772434,41.881727739453176
-87.616415912387566,41.881698281033614
-87.616418360709758,41.881684575111528
-87.616420828202195,41.88166915415821
-87.616422844372039,41.881653044326974
-87.616424837535362,41.881638992533027
-87.616425920386916,41.881624248995834
-87.616426999403728,41.881609848464834
-87.616427623264769,41.881595102062221
-87.616427964510024,41.881564574507465
-87.616427268916141,41.881544674415174
-87.616430792409474,41.881516910967363
-87.616447531822033,41.881456642154298
-87.616456494147513,41.881435087200458
-87.616516475274068,41.881325348926346
-87.616524642259918,41.8812928120362
-87.61653220457282,41.881273306518203
-87.616544356751135,41.88125382964823
-87.616561075789988,41.88123643946242
-87.616581902700588,41.881221133094044
-87.61660544902233,41.881208930965869
-87.616623418499685,41.881202868571357
-87.616621931485,41.881007332077616
-87.61662171398514,41.880985719817282
-87.616624250395006,41.880964124744011
-87.616632283121461,41.880943593063428
-87.616644435205657,41.880924116181042
-87.616661154130384,41.880906725978775
-87.616681980909178,41.880891419590355
-87.616705527090247,41.880879217439876
-87.616731788842998,41.880870462532002
-87.616759393050216,41.880864803266697
-87.616788328218988,41.880863268661933
-87.616817244226269,41.880863449081389
-87.61698156059019,41.880864474183909
-87.61708838586452,41.880834610807568
-87.617085930347869,41.880602364030054
-87.617068643916653,41.879807455111916
-87.617066026197492,41.879671941823169
-87.617065349570638,41.879650326694843
-87.617064672944139,41.879628711566454
-87.617051127250377,41.879074290105429
-87.61703571347455,41.87839945328269
-87.61703503686536,41.878377838149603
-87.617034360256525,41.878356223016453
-87.617023636262459,41.877877971779135
-87.617009061771199,41.877128016384688
-87.617008212805374,41.877121836541363
-87.617004782468925,41.877100204226828
-87.617006790671567,41.877084780383399
-87.617006400663655,41.877078603402794
-87.616996527625048,41.876729679851245
-87.616980017421653,41.876029794684975
-87.61697611956302,41.875844533897379
-87.61697544298886,41.875822918754736
-87.616974766415055,41.875801303612022
-87.61695944496357,41.875159397910579
-87.616949768407125,41.874751817238057
-87.616945511315976,41.874557635372788
-87.616944834759664,41.874536020225342
-87.616944158203694,41.87451440507779
-87.616933033647243,41.874031005560013
-87.616920292546865,41.873486879491985
-87.616917557924154,41.873279671916023
-87.616917340314572,41.8732580596267
-87.616917122705047,41.873236447337327
-87.616909326565079,41.872701613870767
-87.616895598075132,41.87199934434846
-87.616894286430025,41.871993504643299
-87.616891254015613,41.871977363281026
-87.616890856382128,41.871971872308563
-87.616889720938886,41.8719502542885
-87.616878428569478,41.871687422287287
-87.616852447042106,41.871219366226534
-87.616841904949325,41.870930468529103
-87.616837017746164,41.87071055529092
-87.616836341248913,41.870688940129
-87.616835664752003,41.870667324967009
-87.61683265000751,41.870526320491024
-87.616825272153491,41.870159574497784
-87.616828131294156,41.870026839396871
-87.616828380278051,41.870004543944717
-87.616829072846031,41.869983623383398
-87.616831424835595,41.86997849259447
-87.616831461569006,41.86985191443604
-87.616832501955187,41.869840943939259
-87.616859439318887,41.869647985615721
-87.616862349784839,41.869633939507196
-87.616938639154995,41.869377828322271
-87.616942429096298,41.86936721800609
-87.616949029894741,41.869351479760205
-87.616955156469103,41.869337110679346
-87.616957516083673,41.869331293872982
-87.616966464998484,41.869310767840524
-87.617013087212626,41.86920437603807
-87.61701731688477,41.869195483616338
-87.617115665577671,41.869018750023066
-87.617122205035685,41.869008499878298
-87.617245777236306,41.868833295591131
-87.61725276024012,41.86882442032789
-87.617401559573622,41.868650402253486
-87.617404813951964,41.868646649200677
-87.61749260931407,41.868551833872829
-87.617713239990451,41.868315145399698
-87.617884641219931,41.868130633555012
-87.618052320615959,41.867950557669452
-87.618311015713587,41.867674656519704
-87.618442827080699,41.867542038037712
-87.618525036302302,41.867454047745206
-87.618531074453102,41.867447567737848
-87.618575199951906,41.867400161057532
-87.618582630039882,41.867392317586273
-87.618592373669728,41.867382773357839
-87.618613195557373,41.867367466545574
-87.618636736377255,41.86735526392907
-87.618662992310902,41.867346508513947
-87.618690590518639,41.867340848724588
-87.618719519543916,41.867339313581859
-87.618748410368937,41.867341208504435
-87.618753450493955,41.867341925926922
-87.618776352862326,41.867345841767516
-87.618963709541475,41.867376508003858
-87.618991193178459,41.867381138360464
-87.618996692197499,41.867381858626629
-87.619019602232498,41.867385088404355
-87.619227173136423,41.867413821751796
-87.619940965664796,41.867398362101426
-87.620355008651444,41.867389613279741
-87.620372909102969,41.867389381376647
-87.620401822871514,41.867389217839523
-87.620430740450928,41.867388711287738
-87.620835563672955,41.867383676842287
-87.620965459505541,41.867381738394407
-87.620989329308742,41.867381200391122
-87.6209943770791,41.867381231700627
-87.621023294652318,41.86738072499957
-87.62124132366057,41.867376931622722
-87.621553895034964,41.867372694727194
-87.621582812601872,41.867372187885174
-87.621611730168397,41.867371681035877
-87.621846734186846,41.867368334737478
-87.622433303577168,41.867362019250812
-87.622528312438988,41.86736089216938
-87.622557226196719,41.867360728089444
-87.622586139954393,41.867360564002226
-87.622829858987103,41.867357612657536
-87.623174556194826,41.867353227065429
-87.623337977340341,41.86734909201941
-87.623360011565453,41.86734854217535
-87.623366894888719,41.867348584727964
-87.623395785871338,41.867350478482471
-87.623531696472739,41.867344114908946
-87.624022395876011,41.867333768427109
-87.624104089346531,41.867333243864003
-87.624133003093249,41.867333079387208
-87.624161916839924,41.867332914903123
-87.624424434998843,41.86733144838179
-87.624807705144974,41.867324894763911
-87.62535484751568,41.867314890793537
-87.625636680529084,41.867309767226338
-87.625802365636744,41.867308386872338
-87.625831279373799,41.867308221967853
-87.62586019311081,41.867308057056071
-87.626304006039135,41.867304615634616
-87.626638599772434,41.867300843504346
-87.626668893949002,41.867300343852307
-87.626697811460616,41.867299835721738
-87.627018642291119,41.867295634769654
-87.627391338780484,41.867290722653038
-87.627420256284523,41.867290214340478
-87.627449173788222,41.867289706020635
-87.627462944207636,41.8672894476273
-87.627913211608686,41.867283295408072
-87.628354301183592,41.86727708508522
-87.628862414735124,41.867268883001358
-87.629391151814943,41.867263206300457
-87.629423277752252,41.867263060180591
-87.629452191472083,41.867262894364217
-87.629481105191843,41.867262728540567
-87.62993870325144,41.867257642399167
-87.630407792256975,41.86725090961103
-87.630436709729594,41.867250400538595
-87.630465627201829,41.867249891458869
-87.630575786672054,41.867248164379177
-87.631501153056988,41.867231183077024
-87.63152456385761,41.867230640078539
-87.631530070515794,41.867230673729132
-87.631558987974245,41.867230164373957
-87.631751773521614,41.867226539814475
-87.632964399659841,41.867211644243177
-87.632992861958797,41.867210788719994
-87.633014896078961,41.867210237022469
-87.633021779401702,41.867210278996332
-87.633050670640216,41.867212170323668
-87.63361302567813,41.867195702169695
-87.633618073447636,41.867195732924273
-87.634455160237252,41.867193969354958
-87.634706675799393,41.86719138327679
-87.63473558949137,41.867191216129861
-87.634764503183305,41.867191048975648
-87.635282685039954,41.867185280940859
-87.635311598729658,41.867185113648873
-87.635346481697454,41.867184639597667
-87.635357495014929,41.867184706532022
-87.635386408704434,41.867184539221199
-87.635415300009171,41.86718642995411
-87.636129594814903,41.867166413311665
-87.637146710737099,41.867152344686637
-87.637378493915875,41.867149633137473
-87.637534086766777,41.867147831665214
-87.637563004160725,41.867147320797557
-87.637591921554304,41.867146809922609
-87.638379067184076,41.867137511534665
-87.639190518890729,41.867129726787809
-87.639219432558519,41.867129558511671
-87.639248346226239,41.867129390228264
-87.639815569179206,41.867129386613584
-87.63982567213553,41.867128761559563
-87.640105198097643,41.867124617641117
-87.64029062971268,41.867121963448589
-87.640694062867695,41.867117879694661
-87.640722976531308,41.867117711039917
-87.640751890194863,41.867117542377891
-87.641042877183395,41.867114494386257
-87.641332968572527,41.867109382073423
-87.641763050423506,41.867102367851182
-87.642160077469015,41.867096525214109
-87.642188994818682,41.867096013181154
-87.642217912167993,41.867095501140916
-87.643633422497345,41.867076225132614
-87.643662339831096,41.867075712728507
-87.643691257164463,41.867075200317124
-87.644061198495308,41.86707021754836
-87.644090115824383,41.867069705036499
-87.644119033153075,41.867069192517349
-87.644292526067687,41.867067146276959
-87.64432144339429,41.86706663370682
-87.644350360720537,41.867066121129398
-87.644448581220942,41.867064995177671
-87.644477498545882,41.86706448256821
-87.644506415870438,41.867063969951488
-87.644739578964007,41.867060908788616
-87.644768496285749,41.867060396105863
-87.644797413607122,41.867059883415834
-87.645128338273651,41.867055692378365
-87.645157255591243,41.867055179597678
-87.645186172908481,41.867054666809707
-87.646890843926144,41.867031251383679
-87.646919761224552,41.867030738158995
-87.646948652838802,41.867032625992472
-87.646976123762315,41.86703862170345
-87.647002185006471,41.867047696264912
-87.647025456240286,41.867060184460357
-87.647045941134394,41.867075743282115
-87.647062274029039,41.867093335477186
-87.647073996033498,41.867112958305228
-87.647081577038847,41.867133585481632
-87.647083655047638,41.867153836743597
-87.647083868153175,41.867176821112039
-87.647088026207499,41.868418619018144
-87.64709986553126,41.868856397551269
-87.64710058890121,41.868874582525606
-87.64710123890066,41.868899627684804
-87.647104485234976,41.869025196488394
-87.647125632271667,41.869579661173766
-87.647126366659833,41.869596817118143
-87.647126777875997,41.869601278979836
-87.647127464574197,41.869622894043808
-87.647128881993623,41.869662008061091
-87.647148488622349,41.87036053653383
-87.647149013919503,41.870397243998006
-87.647149271065487,41.870416112243738
-87.647149928428476,41.870440471377918
-87.647160437057693,41.871045640953021
-87.647180069931053,41.871741768194852
-87.647187461833582,41.871908868453403
-87.647188203593544,41.871925338372634
-87.647188607489852,41.871930486250591
-87.647189294223338,41.871952101305801
-87.647208128519907,41.872379630426565
-87.647222106319603,41.872875050624025
-87.647242287308387,41.873176695372926
-87.647255209888783,41.873470407030247
-87.647255948010553,41.87348721995383
-87.647256355588766,41.873492024821282
-87.647257042354767,41.873513639870531
-87.64725779515058,41.873529080758054
-87.647277837079059,41.873843759809851
-87.647291117797707,41.874318593860082
-87.64729140799983,41.874334375012708
-87.647292263521109,41.874340211647784
-87.647293409245222,41.874361829435387
-87.647306761403428,41.87461540898677
-87.647309273381083,41.874680942880758
-87.647309932089556,41.874833938562517
-87.647310159937689,41.874855550865107
-87.647310428135995,41.874873390069659
-87.647310387785879,41.874877163167604
-87.647313891449173,41.874978721217623
-87.64731558092501,41.875035331393143
-87.647315852793113,41.875052827588263
-87.647316267720555,41.87505694643653
-87.647316954516469,41.875078561479825
-87.647319272102749,41.87516227483956
-87.647319999250328,41.875180116784719
-87.647320417846927,41.875183892623987
-87.647320645698272,41.875205504925276
-87.647321811056912,41.875354044219449
-87.647321712015668,41.875363305459089
-87.647326639392844,41.875374654908775
-87.647326907595982,41.875392494111743
-87.647327326194215,41.875396269950876
-87.647328012995956,41.875417884992878
-87.647338322402277,41.875741424595553
-87.647339060564022,41.875758237512322
-87.647339468160624,41.875763042377756
-87.647339784053486,41.875776422464462
-87.647340154968731,41.875784657418372
-87.647345418353609,41.875979187297361
-87.647346149182823,41.875996686231112
-87.647346564117512,41.87600080507864
-87.647347250929485,41.876022420118382
-87.647349337044602,41.876084864175226
-87.647349608922525,41.876102360367184
-87.647350023858039,41.876106479214641
-87.647350710671844,41.876128094253964
-87.64735662380059,41.87630479040412
-87.647357027733293,41.876309938277878
-87.647359047837284,41.876378556490295
-87.647359782341439,41.876395712413988
-87.647360193611121,41.876400174270017
-87.64736088043017,41.876421789308246
-87.647363330151222,41.876493154331229
-87.647367609252456,41.876650974020336
-87.647367873799482,41.876669156228182
-87.647368523941623,41.876694201353367
-87.647372042874409,41.876837266176196
-87.647376222524215,41.876961468253867
-87.647382396652617,41.877156689593349
-87.647386007330468,41.877291179185605
-87.647386734512821,41.877309021124063
-87.647387153125578,41.877312796961832
-87.647387839959393,41.877334411996607
-87.647389896794905,41.877399600109186
-87.647393617085598,41.877480920597911
-87.647399559296872,41.877611993801857
-87.647404722985172,41.877730027187972
-87.64740674820672,41.877926938872783
-87.64740699809299,41.877946493111551
-87.647407203962445,41.87797016345494
-87.64740870694996,41.878087145876918
-87.647414844099316,41.878242918435355
-87.647423287589731,41.878440554498553
-87.647426597144815,41.878560291945753
-87.647427328016192,41.878577790871546
-87.647427742970578,41.878581909717106
-87.647428429825951,41.878603524747078
-87.647432976925529,41.878736304744606
-87.6474372636102,41.878893438354751
-87.647443204219996,41.879196369829124
-87.647444853051752,41.879213874235461
-87.647445268010827,41.879217993080545
-87.647446413851696,41.879239610849375
-87.647472774951524,41.879993749408698
-87.647477869701646,41.880161178724755
-87.647481183072514,41.880280573127486
-87.64748648375182,41.880471672768415
-87.64748720731842,41.880489857705456
-87.647487857525988,41.880514902813999
-87.64749176978323,41.880664144437283
-87.647496442305467,41.880828140907056
-87.647501357424588,41.881012377617708
-87.647503017810095,41.881071731802002
-87.647505952957701,41.881183577256884
-87.647511327108617,41.881367816697264
-87.647518023740062,41.881600088288408
-87.647524605699189,41.881757235525662
-87.647525347625901,41.881773705416059
-87.647525751600753,41.8817788532847
-87.647526438509004,41.881800468302593
-87.647532708224261,41.88194389245335
-87.647537233676871,41.882078730424105
-87.647545300099111,41.882311696226331
-87.647549858604805,41.882443447112159
-87.647550593207825,41.882460603017485
-87.647551004524047,41.882465064868533
-87.647551691445088,41.882486679883826
-87.647560914881282,41.882740234399286
-87.647564327508206,41.882850367520369
-87.647568173471626,41.88296290443936
-87.647569647925536,41.883125509622943
-87.647569894192713,41.883145406852663
-87.647570103781234,41.88316873416656
-87.647570857774525,41.883269932614851
-87.647573999011598,41.883405448348327
-87.647577239290925,41.883531702851741
-87.647577492896076,41.883550914063271
-87.647577695150957,41.883574927392338
-87.647578312398124,41.883603059563065
-87.647581295416472,41.88371044585962
-87.64758201903426,41.883728630786308
-87.64758266929482,41.883753675880769
-87.647587323829839,41.88391938730426
-87.647588598682233,41.883971878550049
-87.647589322304043,41.88399006347592
-87.647589972568753,41.884015108569237
-87.647591912361491,41.884091272873661
-87.647596857222879,41.884272765412952
-87.647597584517172,41.88429060732949
-87.647598003182438,41.884294383162356
-87.647598690130678,41.884315998170777
-87.647600695959682,41.884385988320844
-87.64760096791116,41.884403484487784
-87.6476013829094,41.884407603328917
-87.647602069859502,41.884429218336898
-87.647604068358362,41.884499894502284
-87.647604795656378,41.884517736418118
-87.647605214323377,41.884521512250821
-87.647605901275469,41.884543127258375
-87.647607980473211,41.88460625723885
-87.647611577163701,41.884742118690184
-87.647613142337633,41.88481039105254
-87.647618568847193,41.885032707040679
-87.647619913424307,41.885078681118387
-87.647620659070384,41.885094807990839
-87.647621518419996,41.885100301605561
-87.647622205381182,41.885121916610935
-87.647624838988108,41.885176131109866
-87.647627153497496,41.885260187330758
-87.647627844129417,41.885281459327231
-87.647634196084638,41.885503094762257
-87.647635079073197,41.885635166656371
-87.647638659549045,41.88564376379
-87.647638931511636,41.885661259953139
-87.647639346519398,41.885665378793327
-87.647640033490092,41.885686993796561
-87.647637690699298,41.885691439200102
-87.647645584286138,41.885854768695509
-87.647650333329651,41.885925804296342
-87.647650722665063,41.885932324194172
-87.647650636283402,41.886069192712647
-87.647653851103556,41.886197848215417
-87.647654571092772,41.886216376142414
-87.64765522506174,41.886241078217807
-87.647657080604432,41.886325131682369
-87.647665662388903,41.886595833698301
-87.647670614893215,41.886776640142116
-87.647671338559348,41.886794825059013
-87.647671988869902,41.886819870140137
-87.647676629081474,41.886986953508057
-87.647684031401141,41.887196246063873
-87.64768744804239,41.88730603609131
-87.647689509034862,41.887370881082227
-87.647690240046344,41.88738837998087
-87.647690196033082,41.887392496079038
-87.647691342065841,41.887414113816455
-87.647705342527729,41.887822060154775
-87.647706073547027,41.887839559052019
-87.647706029534106,41.887843675149867
-87.647706716540839,41.88786529014488
-87.647709886932063,41.887955182946257
-87.647710617953649,41.887972681843088
-87.647710573940799,41.887976797940844
-87.647711260949876,41.887998412935367
-87.647717605428213,41.888177855524347
-87.647718336453622,41.888195354420482
-87.647718292440928,41.888199470518089
-87.647718979453998,41.888221085511759
-87.64772972539788,41.888547028188114
-87.647730456429471,41.888564527083119
-87.647730871459416,41.888568645921069
-87.647732017521619,41.888590263653938
-87.647747069112825,41.889028745849345
-87.64774780382055,41.889045901734761
-87.647748215186638,41.889050363580417
-87.647748902215113,41.889071978570868
-87.647757002956297,41.889301857015219
-87.647756918600095,41.889309746200844
-87.647770159934922,41.889745816322446
-87.647773499780811,41.889862809469676
-87.647774223499283,41.889880994376682
-87.647774873865259,41.889906039444334
-87.647776214942411,41.889952356490959
-87.647777324362039,41.889977404298811
-87.647777254676924,41.889983921451403
-87.647775008285222,41.890065206132718
-87.647774299830772,41.890088527937948
-87.647773628052448,41.890108419662837
-87.647769880376217,41.890244237135882
-87.647778226318692,41.890665870706137
-87.647793272459538,41.89093318080441
-87.647793173432262,41.890942442019735
-87.647783448119995,41.891165010342874
-87.647782794667592,41.891183187024232
-87.647782724980061,41.891189704175474
-87.647782985982019,41.891208229345779
-87.647788457339317,41.891426428992212
-87.647793167715193,41.891586995075826
-87.647805682217665,41.891747607743227
-87.647804507346805,41.891771612817159
-87.647761112298198,41.892008730385271
-87.647759324281381,41.89204713904892
-87.647762785215235,41.892152812889805
-87.647765246755057,41.892223148693567
-87.647765977824875,41.892240647577566
-87.647766392877756,41.892244766412951
-87.647767539001109,41.892266384132256
-87.647768196712221,41.892290743173966
-87.647770404598589,41.892341867793583
-87.647771139338715,41.892359023669322
-87.647771550724613,41.892363485512512
-87.647772237781552,41.892385100490706
-87.647775412071624,41.892474650214247
-87.647776150482102,41.89249146308169
-87.647776558201102,41.892496267932657
-87.647777245260556,41.892517882910354
-87.647779434819753,41.892570722567278
-87.647780867629209,41.892608464396034
-87.647782224566683,41.892739166838325
-87.64778436026964,41.892882909057541
-87.647789980348008,41.892958409154367
-87.647800337898801,41.893020216341682
-87.647821485859211,41.893103355786131
-87.647822793395804,41.893109881156661
-87.647838403164997,41.893195731773993
-87.647840041410575,41.893214265159152
-87.647839459461807,41.893354560845701
-87.647839232061827,41.89337582733134
-87.647838997326119,41.893397779832583
-87.647838418428691,41.893494853788376
-87.647839560925334,41.893516814510448
-87.647856401371996,41.893874008962918
-87.647856732082417,41.893886016976417
-87.647866864925447,41.894140605491181
-87.647879203442542,41.894532419024998
-87.647883710033142,41.894797950874974
-87.647883549280351,41.894855921924808
-87.64788020245166,41.895040108860854
-87.647878716392952,41.895136148285644
-87.647878481656278,41.895158100780314
-87.647878254254863,41.895179367259431
-87.647875763211218,41.895369390796674
-87.647880382268809,41.895538531963311
-87.647881106060211,41.895556716852425
-87.647881756495977,41.895581761895556
-87.647883729812307,41.895654838978103
-87.647892118263144,41.895900841261742
-87.64789206324636,41.895905986377016
-87.647896281331867,41.896026757964847
-87.647897012466998,41.896044256837044
-87.647896968453665,41.896048372929165
-87.647897655575832,41.896069987893391
-87.647900499430236,41.896147529550106
-87.647909049366035,41.896378439475534